6746000 41470000
6837000 41470000
6796000 41460000
6349000 41370000
6612000 41360000
6852000 41350000
7024000 41340000
7055000 41330000
7021000 41320000
7068000 41310000
11265000 41160000
11219000 41150000
11136000 41120000
11152000 41110000
11208000 41100000
11129000 41090000
11078000 41060000
11068000 41050000
11049000 41040000
10937000 41020000
11040000 41010000
10932000 40990000
10825000 40970000
10788000 40960000
10855000 40950000
10905000 40940000
10651000 40910000
10724000 40900000
10892000 40880000
10812000 40870000
10866000 40860000
10868000 40840000
10770000 40820000
10695000 40810000
10762000 40800000
10841000 40790000
11110000 40760000
11039000 40750000
10946000 40740000
10808000 40720000
10795000 40710000
10840000 40690000
10956000 40670000
10876000 40660000
10956000 40650000
10994000 40630000
10828000 40610000
10788000 40600000
10872000 40590000
10879000 40570000
10856000 40550000
10921000 40540000
11073000 40520000
10862000 40510000
10876000 40500000
10797000 40480000
10650000 40460000
10696000 40450000
10752000 40440000
10862000 40420000
10966000 40410000
10876000 40390000
10819000 40370000
10729000 40360000
10768000 40350000
10853000 40340000
10945000 40310000
10970000 40300000
11048000 40290000
11130000 40260000
10851000 40260000
10814000 40240000
10952000 40220000
10833000 40210000
10830000 40200000
10966000 40190000
10938000 40160000
10924000 40150000
10907000 40140000
10883000 40120000
10787000 40100000
10845000 40090000
10826000 40080000
10839000 40060000
10950000 40050000
10959000 40030000
10842000 40010000
10763000 40000000
10790000 39990000
10876000 39980000
10733000 39950000
10840000 39940000
10922000 39930000
10836000 39910000
10841000 39900000
10812000 39880000
10688000 39860000
10624000 39850000
10808000 39840000
10896000 39830000
10904000 39800000
10873000 39790000
10874000 39780000
10872000 39760000
10711000 39750000
10819000 39730000
10772000 39710000
10747000 39700000
10845000 39690000
10934000 39680000
10797000 39650000
10785000 39640000
10789000 39630000
10775000 39610000
10716000 39600000
10840000 39590000
10904000 39560000
10787000 39550000
10738000 39540000
10757000 39530000
10640000 39510000
10681000 39500000
10773000 39480000
10857000 39460000
10904000 39450000
10883000 39440000
10892000 39410000
10765000 39400000
10851000 39390000
10953000 39380000
10854000 39360000
10836000 39340000
10998000 39330000
10998000 39320000
10791000 39300000
10841000 39280000
10812000 39280000
10620000 39250000
10632000 39240000
10745000 39230000
10939000 39210000
10864000 39190000
10884000 39180000
10829000 39170000
10670000 39150000
10606000 39140000
10669000 39130000
10760000 39100000
10897000 39090000
10929000 39080000
10906000 39060000
10667000 39050000
10699000 39030000
10765000 39020000
10728000 39000000
10769000 38990000
10911000 38980000
10814000 38950000
10771000 38940000
10817000 38930000
10871000 38910000
10846000 38900000
10928000 38880000
10935000 38870000
11015000 38850000
10957000 38840000
10911000 38830000
10999000 38800000
10829000 38790000
10781000 38780000
10863000 38760000
10788000 38740000
10900000 38730000
11011000 38720000
10870000 38700000
10779000 38690000
10802000 38670000
10790000 38650000
10818000 38640000
10834000 38630000
10943000 38620000
10927000 38590000
10868000 38580000
10875000 38570000
10863000 38550000
10667000 38540000
10753000 38520000
10781000 38520000
10884000 38490000
10936000 38480000
10937000 38470000
10730000 38450000
10718000 38430000
10720000 38420000
10788000 38400000
10813000 38390000
10959000 38380000
11026000 38360000
10821000 38340000
10795000 38330000
10830000 38320000
10900000 38290000
10740000 38280000
10869000 38270000
11041000 38240000
10935000 38230000
10925000 38220000
10933000 38210000
10806000 38190000
10760000 38170000
10784000 38160000
10769000 38140000
10842000 38130000
10956000 38120000
11123000 38090000
10858000 38080000
10835000 38070000
10851000 38060000
10695000 38030000
10689000 38020000
10872000 38010000
10924000 37990000
10746000 37980000
10694000 37960000
10805000 37950000
10627000 37930000
10678000 37920000
10719000 37910000
10898000 37880000
10786000 37870000
10740000 37860000
10721000 37850000
10686000 37820000
10724000 37810000
10814000 37800000
10788000 37780000
10911000 37770000
11010000 37750000
11115000 37730000
10732000 37720000
10802000 37710000
10867000 37700000
10724000 37670000
10735000 37660000
10929000 37650000
10985000 37620000
10965000 37610000
10915000 37600000
10981000 37580000
10754000 37570000
10901000 37550000
10925000 37540000
10978000 37520000
10989000 37500000
11082000 37490000
10912000 37470000
10908000 37460000
10905000 37450000
10913000 37430000
10778000 37410000
10935000 37400000
11007000 37390000
11051000 37360000
11016000 37350000
11026000 37340000
10939000 37320000
10864000 37300000
10833000 37290000
11063000 37280000
11041000 37260000
11016000 37240000
10974000 37230000
11009000 37210000
10757000 37200000
10873000 37190000
11028000 37170000
11053000 37150000
11063000 37140000
11139000 37120000
10914000 37100000
10900000 37090000
10988000 37080000
11231000 37060000
10892000 37040000
11007000 37030000
11017000 37020000
11006000 36990000
10974000 36980000
11018000 36970000
10911000 36950000
10919000 36940000
10894000 36920000
11033000 36910000
11011000 36890000
10987000 36880000
10927000 36860000
10911000 36840000
10782000 36830000
10862000 36820000
10889000 36790000
10972000 36780000
11013000 36770000
11112000 36760000
10987000 36730000
11028000 36720000
11056000 36710000
11085000 36680000
10838000 36670000
10919000 36660000
11000000 36650000
10931000 36630000
11003000 36610000
10982000 36600000
10822000 36580000
10798000 36570000
10791000 36560000
10889000 36530000
10918000 36520000
10922000 36510000
10892000 36500000
10867000 36470000
10733000 36460000
10790000 36450000
10755000 36430000
10856000 36410000
10874000 36400000
10924000 36380000
10741000 36370000
10796000 36360000
10848000 36340000
10790000 36320000
10616000 36310000
10715000 36300000
10844000 36270000
10811000 36260000
10882000 36250000
10872000 36240000
10677000 36220000
10655000 36210000
10658000 36190000
10863000 36170000
10871000 36160000
10914000 36150000
10887000 36120000
10797000 36110000
10765000 36100000
10813000 36090000
10756000 36060000
10776000 36050000
10867000 36040000
11042000 36010000
10752000 36010000
10754000 35990000
10837000 35980000
10662000 35960000
10678000 35950000
10851000 35930000
10897000 35910000
10910000 35900000
10879000 35890000
10915000 35870000
10672000 35850000
10798000 35840000
10830000 35830000
10883000 35800000
10857000 35790000
10915000 35780000
10772000 35770000
10603000 35750000
10647000 35740000
10796000 35720000
10753000 35700000
10797000 35690000
10895000 35680000
11044000 35650000
10977000 35640000
11048000 35630000
11005000 35620000
10827000 35590000
10758000 35580000
10839000 35570000
11061000 35550000
11071000 35530000
11149000 35520000
11236000 35510000
11127000 35480000
11198000 35470000
11244000 35460000
11160000 35440000
11119000 35420000
11230000 35410000
11251000 35390000
11335000 35380000
11389000 35360000
11459000 35350000
11355000 35320000
11329000 35310000
11336000 35300000
11352000 35280000
11174000 35260000
11303000 35250000
11351000 35240000
11312000 35220000
11258000 35200000
11333000 35190000
11348000 35160000
11228000 35150000
11246000 35140000
11288000 35130000
11120000 35100000
11154000 35090000
11217000 35080000
11279000 35060000
11201000 35040000
11213000 35030000
11282000 35010000
11188000 34990000
11163000 34980000
11238000 34970000
11109000 34950000
11048000 34930000
10988000 34920000
11010000 34900000
10802000 34890000
10930000 34880000
10997000 34860000
10941000 34840000
10805000 34830000
10842000 34820000
10651000 34790000
10669000 34780000
10672000 34770000
10826000 34760000
10887000 34740000
10949000 34720000
10914000 34710000
10763000 34690000
10696000 34680000
10778000 34670000
10709000 34640000
10738000 34630000
10827000 34620000
10916000 34610000
10793000 34580000
10860000 34570000
10829000 34560000
10586000 34540000
10608000 34530000
11177000 34510000
11346000 34500000
10711000 34480000
9772000 34470000
9241000 34460000
8278000 34450000
7965000 34440000
7768000 34430000
7784000 34410000
7399000 34410000
7405000 34400000
7376000 34390000
7208000 34380000
7079000 34370000
7190000 34360000
7162000 34350000
7175000 34340000
7141000 34330000
7175000 34320000
7025000 34310000
6999000 34300000
6988000 34290000
7097000 34280000
7054000 34270000
7192000 34260000
7282000 34250000
7005000 34240000
6969000 34230000
7006000 34230000
6824000 34210000
6832000 34200000
6892000 34190000
7105000 34180000
6990000 34170000
6992000 34160000
7002000 34150000
6879000 34140000
6828000 34140000
6887000 34130000
6852000 34110000
6925000 34100000
6972000 34100000
6966000 34080000
6798000 34080000
6887000 34070000
6849000 34050000
6794000 34050000
6833000 34040000
7013000 34030000
6938000 34020000
6872000 34010000
6804000 34000000
7613000 33980000
8321000 33970000
8888000 33960000
9357000 33950000
9943000 33920000
10147000 33910000
10357000 33900000
10457000 33880000
10432000 33870000
10502000 33860000
10579000 33830000
10564000 33820000
10703000 33810000
10832000 33780000
10895000 33770000
10951000 33760000
11045000 33750000
10940000 33730000
10981000 33710000
11044000 33700000
11173000 33680000
11038000 33670000
11117000 33650000
11106000 33640000
11093000 33620000
11101000 33610000
11198000 33590000
11103000 33570000
11079000 33560000
11096000 33540000
11141000 33520000
11036000 33510000
11126000 33500000
11141000 33480000
11152000 33460000
11123000 33450000
11241000 33440000
11117000 33410000
11091000 33400000
11102000 33390000
11167000 33380000
11104000 33350000
11178000 33340000
11201000 33330000
11167000 33300000
11138000 33290000
11250000 33280000
11158000 33260000
11088000 33240000
11036000 33230000
10999000 33220000
10917000 33200000
10959000 33180000
10888000 33170000
10828000 33150000
10782000 33140000
10908000 33130000
10849000 33100000
10822000 33090000
10699000 33080000
10744000 33070000
10603000 33040000
10752000 33030000
10934000 33020000
10956000 33000000
10780000 32990000
10819000 32970000
10734000 32960000
10618000 32940000
10639000 32930000
10796000 32920000
10819000 32890000
10875000 32880000
10901000 32870000
10941000 32840000
10958000 32830000
11099000 32820000
11124000 32810000
11104000 32790000
11088000 32770000
11210000 32760000
11254000 32740000
11219000 32720000
11203000 32710000
11250000 32700000
11065000 32670000
11111000 32660000
11098000 32650000
10869000 32630000
10753000 32620000
10885000 32600000
10963000 32590000
10977000 32570000
10928000 32560000
11001000 32550000
11025000 32520000
11111000 32510000
11124000 32500000
11120000 32470000
11043000 32460000
11113000 32450000
11143000 32430000
11084000 32410000
11072000 32400000
11131000 32390000
11089000 32360000
11087000 32350000
11081000 32340000
11147000 32330000
11082000 32300000
11092000 32290000
11113000 32280000
11095000 32260000
11025000 32240000
11146000 32230000
11190000 32210000
11080000 32200000
11076000 32180000
11146000 32170000
11020000 32150000
11082000 32130000
11138000 32120000
11353000 32100000
11070000 32090000
11014000 32070000
11040000 32060000
11609000 32030000
11497000 32020000
11625000 32010000
11469000 31980000
11446000 31970000
11418000 31960000
11389000 31940000
11179000 31920000
11309000 31910000
11257000 31900000
11290000 31880000
11340000 31860000
11411000 31850000
11395000 31820000
11472000 31810000
11498000 31800000
11613000 31770000
11653000 31760000
11694000 31750000
11723000 31730000
11638000 31710000
11554000 31700000
11635000 31690000
11600000 31660000
11552000 31650000
11573000 31640000
11578000 31620000
11481000 31600000
11601000 31580000
11665000 31570000
11706000 31550000
11634000 31530000
11675000 31520000
11640000 31510000
11658000 31480000
11624000 31470000
11658000 31460000
11460000 31430000
11442000 31420000
11511000 31410000
11560000 31380000
11549000 31370000
11667000 31360000
11603000 31340000
11635000 31320000
11581000 31310000
11695000 31300000
11615000 31270000
11569000 31260000
11555000 31250000
11658000 31220000
11565000 31210000
11687000 31190000
11618000 31180000
11689000 31160000
11619000 31140000
11673000 31130000
11692000 31100000
11682000 31090000
11663000 31080000
11736000 31070000
11605000 31040000
11622000 31030000
11595000 31020000
11665000 30990000
11602000 30980000
11666000 30970000
11624000 30950000
11597000 30930000
11542000 30920000
11637000 30900000
11570000 30880000
11564000 30860000
11536000 30850000
11615000 30830000
11560000 30820000
11665000 30800000
11757000 30790000
11647000 30770000
11572000 30750000
11676000 30740000
11642000 30710000
11637000 30700000
11605000 30690000
11706000 30680000
11642000 30650000
11619000 30640000
11588000 30620000
11583000 30600000
11521000 30590000
11592000 30580000
11679000 30550000
11572000 30540000
11565000 30530000
11632000 30510000
11514000 30490000
11594000 30470000
11621000 30460000
11630000 30430000
11504000 30420000
11636000 30410000
11659000 30400000
11533000 30370000
11474000 30360000
11619000 30350000
11525000 30320000
11501000 30310000
11585000 30300000
11670000 30270000
11537000 30260000
11560000 30250000
11586000 30230000
11605000 30210000
11529000 30200000
11603000 30190000
11608000 30160000
11514000 30150000
11533000 30130000
11631000 30120000
11611000 30090000
11624000 30080000
11610000 30070000
11656000 30040000
11470000 30030000
11532000 30020000
11579000 30010000
11473000 29980000
11439000 29970000
11626000 29960000
11579000 29930000
11544000 29920000
11583000 29910000
11634000 29890000
11673000 29870000
11737000 29860000
11763000 29840000
11679000 29820000
11648000 29800000
11684000 29790000
11707000 29770000
11582000 29760000
11611000 29740000
11748000 29730000
11594000 29700000
11648000 29690000
11664000 29680000
11706000 29650000
11569000 29640000
11721000 29630000
11710000 29610000
11655000 29590000
11625000 29580000
11718000 29560000
11712000 29540000
11570000 29520000
11639000 29510000
11657000 29500000
11532000 29480000
11623000 29460000
11656000 29450000
11708000 29430000
11674000 29410000
11685000 29400000
11693000 29370000
11545000 29360000
11598000 29350000
11646000 29340000
11504000 29310000
11589000 29300000
11612000 29280000
11567000 29260000
11575000 29250000
11684000 29230000
11747000 29220000
11589000 29200000
11600000 29180000
11660000 29170000
11655000 29150000
11627000 29130000
11644000 29120000
11642000 29110000
11544000 29080000
11585000 29070000
11549000 29060000
11599000 29030000
11651000 29020000
11789000 29010000
11765000 28990000
11683000 28970000
11660000 28950000
11797000 28940000
11655000 28920000
11696000 28910000
11713000 28890000
11748000 28870000
11694000 28850000
11758000 28840000
11708000 28830000
11721000 28800000
11704000 28790000
11809000 28780000
11735000 28750000
11731000 28740000
11682000 28730000
11610000 28710000
11652000 28690000
11703000 28670000
11703000 28660000
11757000 28640000
11654000 28620000
11728000 28610000
11801000 28590000
11689000 28570000
11623000 28560000
11774000 28550000
11660000 28520000
11698000 28510000
11689000 28500000
11750000 28470000
11660000 28460000
11805000 28440000
11770000 28430000
11712000 28400000
11605000 28400000
11794000 28380000
11721000 28360000
11682000 28340000
11638000 28330000
11684000 28310000
11578000 28290000
11758000 28280000
11762000 28270000
11749000 28240000
11605000 28230000
11679000 28220000
11748000 28190000
11617000 28180000
11655000 28170000
11799000 28150000
11649000 28130000
11701000 28110000
11731000 28100000
11627000 28070000
11565000 28060000
11672000 28050000
11769000 28040000
11706000 28010000
11625000 28000000
11797000 27980000
11709000 27960000
11650000 27950000
11656000 27940000
11722000 27920000
11615000 27900000
11675000 27890000
11692000 27870000
11569000 27850000
11587000 27830000
11713000 27820000
11701000 27810000
11624000 27780000
11596000 27770000
11700000 27760000
11522000 27730000
11611000 27720000
11733000 27710000
11656000 27680000
11543000 27670000
11691000 27660000
11642000 27650000
11595000 27620000
11641000 27610000
11770000 27590000
11751000 27570000
11601000 27560000
11660000 27540000
11709000 27530000
11622000 27500000
11747000 27490000
11729000 27480000
11753000 27450000
11612000 27440000
11715000 27430000
11636000 27400000
11648000 27390000
11642000 27380000
11692000 27360000
11603000 27340000
11702000 27330000
11664000 27310000
11703000 27290000
11651000 27280000
11764000 27260000
11697000 27250000
11727000 27230000
11680000 27210000
11747000 27200000
11759000 27170000
11623000 27160000
11604000 27150000
11656000 27140000
11552000 27110000
11676000 27100000
11638000 27080000
11625000 27060000
11538000 27050000
11657000 27040000
11607000 27020000
11576000 27000000
11568000 26990000
11608000 26970000
11512000 26950000
11569000 26930000
11588000 26920000
11624000 26900000
11602000 26880000
11598000 26870000
11627000 26860000
11566000 26830000
11547000 26820000
11568000 26810000
11279000 26780000
11205000 26770000
11119000 26760000
11112000 26750000
11297000 26720000
11333000 26710000
11305000 26700000
11156000 26670000
11052000 26660000
11128000 26650000
11152000 26630000
11160000 26610000
11175000 26600000
11321000 26590000
11203000 26570000
11093000 26550000
11218000 26540000
11253000 26520000
11092000 26500000
11129000 26490000
11254000 26480000
11326000 26450000
11353000 26440000
11478000 26430000
11558000 26410000
11466000 26390000
11501000 26380000
11560000 26370000
11517000 26340000
11582000 26330000
11617000 26320000
11568000 26290000
11507000 26280000
11606000 26260000
11681000 26240000
11541000 26230000
11520000 26220000
11590000 26200000
11561000 26180000
11536000 26170000
11620000 26150000
11657000 26130000
11551000 26110000
11595000 26100000
11636000 26090000
11573000 26070000
11583000 26050000
11717000 26040000
11565000 26010000
11536000 26000000
11557000 25990000
11653000 25960000
11538000 25950000
11610000 25940000
11661000 25920000
11589000 25900000
11512000 25890000
11621000 25880000
11699000 25850000
11591000 25840000
11619000 25830000
11706000 25810000
11509000 25790000
11560000 25770000
11615000 25760000
11672000 25740000
11518000 25720000
11607000 25710000
11614000 25700000
11600000 25680000
11593000 25660000
11692000 25650000
11559000 25620000
11518000 25610000
11549000 25600000
11613000 25580000
11569000 25560000
11602000 25550000
11637000 25530000
11582000 25510000
11510000 25500000
11589000 25490000
11650000 25460000
11532000 25450000
11573000 25430000
11606000 25420000
11540000 25400000
11586000 25380000
11617000 25370000
11685000 25340000
11574000 25340000
11567000 25320000
11589000 25310000
11558000 25280000
11608000 25270000
11702000 25260000
11650000 25230000
11565000 25220000
11654000 25210000
11597000 25190000
11590000 25170000
11622000 25160000
11593000 25150000
11617000 25120000
11575000 25110000
11650000 25090000
11622000 25080000
11625000 25060000
11619000 25040000
11660000 25030000
11610000 25000000
11584000 24990000
11579000 24980000
11616000 24970000
11599000 24940000
11730000 24930000
11696000 24920000
11632000 24890000
11575000 24880000
11698000 24870000
11757000 24840000
11618000 24830000
11564000 24810000
11607000 24800000
11665000 24780000
11635000 24760000
11662000 24750000
11669000 24720000
11567000 24720000
11630000 24700000
11674000 24690000
11585000 24660000
11558000 24650000
11683000 24640000
11721000 24610000
11593000 24600000
11621000 24590000
11644000 24560000
11566000 24550000
11576000 24540000
11653000 24520000
11598000 24500000
11622000 24490000
11676000 24470000
11710000 24450000
11576000 24440000
11570000 24420000
11613000 24410000
11616000 24380000
11622000 24370000
11633000 24360000
11626000 24330000
11456000 24320000
11553000 24310000
11554000 24300000
11670000 24270000
11632000 24260000
11669000 24250000
10881000 24220000
10000000 24220000
9238000 24210000
8811000 24200000
8008000 24190000
7824000 24180000
7624000 24170000
7442000 24160000
7215000 24150000
7249000 24140000
7187000 24130000
7044000 24120000
6946000 24110000
7001000 24100000
6986000 24090000
6985000 24080000
7007000 24070000
7021000 24060000
7009000 24050000
7055000 24040000
7049000 24030000
6977000 24020000
6926000 24010000
7008000 24000000
6982000 23990000
6885000 23980000
6888000 23970000
6822000 23970000
7043000 23950000
7080000 23940000
7011000 23930000
7011000 23920000
6928000 23910000
6951000 23910000
7030000 23890000
6847000 23880000
6821000 23870000
6904000 23870000
6829000 23850000
6890000 23850000
6913000 23840000
6926000 23820000
6867000 23820000
6963000 23810000
6937000 23800000
6846000 23790000
6825000 23780000
6906000 23770000
6821000 23760000
6824000 23750000
6830000 23740000
6877000 23730000
6732000 23720000
6921000 23710000
6903000 23700000
6947000 23690000
6918000 23680000
6894000 23670000
6868000 23660000
6785000 23650000
6819000 23650000
6835000 23630000
6790000 23620000
6882000 23610000
6878000 23610000
6890000 23590000
6810000 23590000
6882000 23580000
6845000 23560000
6770000 23560000
6838000 23550000
6910000 23530000
6862000 23530000
6969000 23520000
6926000 23510000
6863000 23500000
6805000 23490000
6914000 23480000
6899000 23470000
6837000 23460000
6848000 23450000
6802000 23440000
6827000 23430000
6826000 23420000
6879000 23410000
6887000 23400000
6823000 23390000
6937000 23390000
6863000 23370000
6827000 23360000
6839000 23350000
6867000 23350000
6812000 23330000
6889000 23330000
6887000 23320000
6853000 23300000
6781000 23300000
6863000 23290000
6837000 23270000
6793000 23270000
6810000 23260000
6796000 23240000
6778000 23240000
6842000 23230000
6821000 23220000
6893000 23210000
6790000 23200000
6879000 23190000
6969000 23180000
6837000 23170000
6799000 23160000
6812000 23160000
6826000 23140000
6828000 23130000
6790000 23130000
6800000 23110000
6732000 23100000
6841000 23100000
6867000 23080000
6857000 23070000
6076000 23070000
5610000 23070000
4924000 23060000
4632000 23050000
4430000 23050000
4266000 23040000
4033000 23040000
4006000 23030000
3940000 23030000
3906000 23020000
3850000 23020000
3836000 23010000
3775000 23000000
3730000 23000000
3770000 23000000
3795000 22990000
3716000 22980000
3746000 22980000
3722000 22980000
3760000 22970000
3713000 22960000
3720000 22960000
3738000 22950000
3705000 22950000
3711000 22940000
3758000 22940000
3672000 22930000
3667000 22930000
3715000 22920000
3650000 22920000
3624000 22910000
3736000 22910000
3705000 22900000
3672000 22900000
3679000 22890000
3694000 22880000
3647000 22880000
3786000 22880000
3852000 22870000
3765000 22860000
3737000 22860000
3766000 22850000
3753000 22850000
3770000 22840000
3772000 22840000
3769000 22830000
3749000 22830000
3778000 22820000
3782000 22820000
3819000 22810000
3729000 22810000
3667000 22800000
3719000 22790000
3695000 22790000
3703000 22790000
3734000 22780000
3681000 22770000
3703000 22770000
3720000 22770000
3727000 22760000
3705000 22750000
3728000 22750000
3716000 22740000
3701000 22740000
3722000 22730000
3739000 22720000
3653000 22720000
3701000 22720000
3714000 22710000
3695000 22710000
3655000 22700000
3730000 22700000
3683000 22690000
3683000 22690000
3702000 22680000
3712000 22670000
3750000 22670000
3817000 22660000
3834000 22660000
3747000 22650000
3781000 22650000
3791000 22640000
3817000 22640000
3794000 22630000
3815000 22630000
3795000 22620000
3702000 22620000
3749000 22610000
3817000 22600000
3725000 22600000
3659000 22600000
3688000 22590000
3665000 22580000
3683000 22580000
3702000 22580000
3804000 22570000
3711000 22560000
3745000 22560000
3794000 22560000
3727000 22550000
3673000 22540000
3779000 22540000
3723000 22530000
3739000 22530000
3766000 22520000
3794000 22520000
3703000 22510000
3771000 22510000
3768000 22500000
3791000 22500000
3762000 22490000
3816000 22490000
3770000 22480000
3730000 22470000
3759000 22470000
3805000 22460000
3780000 22460000
3811000 22450000
3789000 22450000
3748000 22440000
3688000 22440000
3700000 22430000
3678000 22430000
3752000 22420000
3736000 22420000
3777000 22410000
3681000 22410000
3682000 22400000
3733000 22390000
3770000 22390000
3675000 22390000
3707000 22380000
3743000 22370000
3702000 22370000
3719000 22370000
3709000 22360000
3623000 22350000
3675000 22350000
3734000 22340000
3713000 22340000
3708000 22330000
3712000 22330000
3688000 22320000
3685000 22320000
3781000 22310000
3757000 22310000
3668000 22300000
3721000 22300000
3759000 22290000
3652000 22290000
3663000 22280000
3650000 22280000
3600000 22270000
3637000 22270000
3649000 22260000
3652000 22250000
3600000 22250000
3593000 22250000
3653000 22240000
3673000 22240000
3699000 22230000
3701000 22230000
3652000 22220000
3666000 22220000
3736000 22210000
3686000 22200000
3656000 22200000
3747000 22200000
3701000 22190000
3642000 22180000
3660000 22180000
3707000 22170000
3617000 22170000
3706000 22160000
3742000 22160000
3733000 22150000
3621000 22150000
3664000 22140000
3711000 22130000
3686000 22130000
3688000 22130000
3720000 22120000
3646000 22110000
3700000 22110000
3687000 22110000
3655000 22100000
3635000 22100000
3662000 22090000
3734000 22080000
3729000 22080000
3721000 22070000
3717000 22070000
3652000 22060000
3686000 22060000
3723000 22050000
3733000 22050000
3684000 22040000
3693000 22040000
3664000 22030000
3598000 22030000
3670000 22020000
3688000 22020000
3598000 22010000
3688000 22010000
3738000 22000000
3714000 22000000
3785000 21990000
3766000 21990000
3739000 21980000
3733000 21980000
3778000 21970000
3766000 21960000
3627000 21960000
3694000 21960000
3680000 21950000
3730000 21940000
3679000 21940000
3703000 21940000
3696000 21930000
3777000 21920000
3740000 21920000
3823000 21910000
3686000 21910000
3699000 21900000
3845000 21890000
3777000 21890000
3677000 21890000
3740000 21880000
3698000 21870000
3804000 21870000
3789000 21870000
3812000 21860000
3696000 21850000
3750000 21850000
3808000 21840000
3762000 21840000
3807000 21830000
3773000 21830000
3788000 21820000
3782000 21820000
3845000 21810000
3856000 21800000
3738000 21800000
3826000 21800000
3761000 21790000
3751000 21780000
3741000 21780000
3708000 21770000
3674000 21770000
3747000 21770000
3761000 21760000
3808000 21750000
3690000 21750000
3671000 21740000
3760000 21740000
3799000 21730000
4025000 21730000
3979000 21720000
3820000 21720000
3860000 21710000
3862000 21710000
3830000 21700000
3745000 21690000
3675000 21690000
3717000 21680000
3731000 21680000
3761000 21670000
3758000 21670000
3714000 21660000
3735000 21660000
3819000 21650000
3786000 21650000
3684000 21640000
3757000 21640000
3797000 21630000
3821000 21630000
3771000 21620000
3737000 21610000
3672000 21610000
3746000 21610000
3747000 21600000
3783000 21590000
3751000 21590000
3703000 21580000
3728000 21580000
3729000 21570000
3711000 21570000
3729000 21560000
3679000 21560000
3769000 21550000
3789000 21540000
3752000 21540000
3673000 21540000
3654000 21530000
3703000 21520000
3783000 21520000
3786000 21520000
3793000 21510000
3672000 21500000
3706000 21500000
3783000 21490000
3761000 21490000
3698000 21480000
3713000 21480000
3782000 21470000
3739000 21470000
3774000 21460000
3767000 21460000
3671000 21450000
3764000 21450000
3772000 21440000
3794000 21440000
3739000 21430000
3713000 21430000
3670000 21420000
3768000 21420000
3794000 21410000
3840000 21400000
3752000 21400000
3722000 21390000
3826000 21390000
3791000 21380000
4018000 21380000
4761000 21360000
11732000 28180000
11802000 28160000
11764000 28150000
